-0.0153961 -0.0415039
-0.0603333 -0.148193
-0.0463257 0.260178
-0.0180206 0.152283
-0.0313721 0.36763
-0.0671234 -0.1987
-0.0186005 -0.0896912
-0.022644 -0.110687
-0.0157928 0.0820007
0.000244141 0.273285
0.426941 -0.847427
-0.016571 0.0789185
-0.0020752 0.14447
-0.0641556 0.456436
-0.0168915 0.109619
-0.0872498 0.294052
0.0170593 -0.250168
-0.202049 -0.783264
-0.0713654 -0.220215
-0.0012207 0.173035
-0.0759888 -0.122192
-0.0392151 -0.21283
-0.0604858 -0.272339
-0.0124817 0.0448456
-0.0710144 0.442123
-0.163177 -0.395386
-0.100861 -0.232758
0.291626 -0.568863
0.158813 0.831665
-0.19397 0.544006
0.0238953 0.514496
0.0303955 -0.340256
0.00115967 -0.238251
-0.0583191 0.335068
-0.0397034 -0.221863
-0.036705 -0.0138245
-0.0166168 -0.259613
-0.101791 -0.374023
-0.0667114 -0.083313
-0.0173187 0.13446
-0.164337 -0.800812
-0.0177612 0.154358
0.0655518 0.41629
0.0826416 -0.0765228
-0.20285 -0.646179
0.00996399 -0.383957
0.0032959 -0.105499
-0.0100861 0.0336914
-0.0240631 -0.220581
-0.024704 0.141022
-0.0979309 0.321716
-0.0880127 -0.208893
-0.0411987 0.101227
-0.133057 -0.596039
-0.0767365 0.443069
0.00286865 -0.514771
-0.104523 -0.159668
-0.0435791 0.0548096
-0.0360413 0.145721
-0.129761 0.39032
-0.0301514 -0.139832
-0.0189209 -0.189453
-0.00904083 0.15448
0.00662231 0.288239
-0.130562 -0.572388
-0.0200958 0.313599
-0.0537415 0.306229
-0.0188293 -0.395325
-0.0246277 0.168182
-0.115616 -0.482666
-0.0063324 -0.00218201
0.242676 -0.451477
-0.261292 0.7043
-0.213501 0.604156
-0.0398865 -0.403107
-0.129639 0.743393
-0.0394592 -0.0321045
-0.0843201 0.543457
-0.112122 -0.377838
-0.0487061 0.277161
-0.0200958 0.291016
-0.00463867 -0.284393
0.0600891 -0.501129
-0.164726 -0.794403
-0.0461426 0.010498
-0.0480347 0.201599
-0.0829468 0.160645
-0.01474 -0.560791
0.177612 -0.310806
0.00375366 -0.240921
-0.115204 0.713531
-0.0202179 0.20694
-0.166428 -0.811981
-0.0373383 0.232193
-0.0590897 -0.154388
0.0384979 -0.351746
0.0826416 -0.681595
0.0761414 0.772675
-0.0168457 0.0625305
-0.341705 0.77858
0.471191 -0.72847
-0.0135803 0.14679
0.00881958 -0.0828094
-0.167206 0.505142
0.11084 -0.073761
-0.0439758 0.290634
-0.166718 0.479233
0.331604 -0.691086
-0.0868225 0.542969
-0.222656 0.48645
-0.0149689 -0.319244
-0.359039 0.814156
0.338684 -0.501328
-0.00491333 0.0386047
-0.0865784 0.262207
-0.0663757 0.7341
-0.213989 0.594543
-0.0341187 0.175598
-0.0186462 0.333618
-0.0462341 0.168243
-0.0957031 0.30629
0.0948181 0.838745
-0.0772705 -0.381561
0.356262 -0.497849
-0.0474854 0.143799
-0.0905762 0.580597
0.0320892 -0.68692
-0.0180054 0.301178
