0.0112915 0.0465546
0.0518188 0.181366
0.0718994 -0.294266
0.0363159 -0.177719
0.0705566 -0.411362
0.0535583 0.24118
0.0101624 0.103363
0.0130615 0.128174
0.0248108 -0.0957031
0.0263062 -0.316956
-0.530029 0.86441
0.0300293 -0.103851
0.0178833 -0.179413
0.123016 -0.527557
0.0281677 -0.125412
0.109863 -0.307434
-0.0522461 0.272156
0.131714 1.0238
0.0544128 0.27533
0.0219727 -0.211395
0.0565796 0.143646
0.0159302 0.243622
0.0212097 0.311646
0.014801 -0.0517273
0.116638 -0.486389
0.117828 0.471375
0.0709839 0.269379
-0.361877 0.577408
-0.0925293 -1.21234
0.239258 -0.555923
0.0286255 -0.587708
-0.076416 0.372101
-0.031311 0.270432
0.0932312 -0.379715
0.0151978 0.25058
0.0423584 0.00860596
-0.0124512 0.30455
0.0699463 0.469574
0.0531616 0.09021
0.0401001 -0.166504
0.0961914 1.18338
0.0376282 -0.183853
-0.026825 -0.512878
-0.0958862 0.0646973
0.128845 0.762146
-0.0581665 0.43718
-0.0216064 0.112762
0.00942993 -0.0405884
0.00146484 0.259201
0.0461731 -0.16983
0.124634 -0.33786
0.0587769 0.24173
0.046814 -0.114624
0.0767212 0.743713
0.125244 -0.500854
-0.0657043 0.59465
0.082428 0.158371
0.0438232 -0.0618896
0.046936 -0.164001
0.159729 -0.40036
0.0144653 0.156494
-0.000946045 0.220947
0.0335083 -0.20575
-0.0413208 -1.34146
0.0766602 0.727264
0.0595703 -0.370697
0.0831299 -0.336395
-0.02771 0.40451
0.0489197 -0.202225
0.0718994 0.599182
0.00152588 0.000549316
-0.296265 0.449524
0.320557 -0.714294
0.265198 -0.617737
-0.0100708 0.431122
0.200012 -0.77034
0.0431824 0.032196
0.146576 -0.615387
0.0636597 0.434784
0.0749512 -0.305603
0.0567322 -0.343948
-0.0360718 0.32634
-0.125366 0.548416
0.0871887 1.0159
0.0430908 -0.021759
0.0623169 -0.215591
0.0964355 -0.1716
-0.0506897 0.660431
-0.213928 0.301315
-0.0353088 0.274429
0.152649 -0.64119
0.0440063 -0.240936
0.1008 1.24069
0.0603333 -0.265884
0.0482483 0.191162
-0.0870972 0.397812
-0.167725 0.740417
0.00476074 -0.89624
0.0255737 -0.0756073
0.396667 -0.767532
-0.563232 0.732208
0.0253601 -0.184113
-0.0254211 0.0913544
0.209534 -0.51857
-0.124084 0.0583191
0.0763245 -0.331406
0.205139 -0.48967
-0.411499 0.698257
0.144714 -0.598236
0.252319 -0.479446
-0.0220032 0.371964
0.439209 -0.857216
-0.401001 0.495895
0.00106812 -0.0474243
0.104309 -0.272552
0.141968 -0.786377
0.261047 -0.600708
0.0467529 -0.190796
0.0606384 -0.394394
0.055481 -0.179276
0.121033 -0.322433
-0.0065918 -1.05435
0.0288696 0.417175
-0.407654 0.474884
0.0580444 -0.155731
0.147095 -0.612976
-0.116547 0.779114
0.0558777 -0.356842
